{
 "cells": [
  {
   "cell_type": "code",
   "execution_count": 4,
   "id": "0c3f4e51",
   "metadata": {},
   "outputs": [],
   "source": [
    "import numpy as np\n",
    "import matplotlib.pyplot as plt"
   ]
  },
  {
   "cell_type": "code",
   "execution_count": 7,
   "id": "1b2fa508",
   "metadata": {},
   "outputs": [],
   "source": [
    "frames = np.load('logs/dry_run_1_detections.npy')[:, 0].astype(int)"
   ]
  },
  {
   "cell_type": "code",
   "execution_count": 8,
   "id": "427df53b",
   "metadata": {},
   "outputs": [
    {
     "data": {
      "text/plain": [
       "False"
      ]
     },
     "execution_count": 8,
     "metadata": {},
     "output_type": "execute_result"
    }
   ],
   "source": [
    "len(frames) == len(np.unique(frames))"
   ]
  },
  {
   "cell_type": "code",
   "execution_count": 14,
   "id": "1d223167",
   "metadata": {},
   "outputs": [],
   "source": [
    "data = np.load('logs/dry_run_1_poses.npy', allow_pickle=True)"
   ]
  },
  {
   "cell_type": "code",
   "execution_count": 17,
   "id": "931bc7a7",
   "metadata": {},
   "outputs": [
    {
     "data": {
      "text/plain": [
       "[{'timestamp': 1753326112.270765,\n",
       "  'translation': array([ 4.42123534e+06,  4.83014651e+05, -6.97135925e-04]),\n",
       "  'R_imu': array([[ 0.52565493, -0.84430185,  0.10412142],\n",
       "         [ 0.81730864,  0.53518037,  0.21351477],\n",
       "         [-0.23599465, -0.02713575,  0.9713754 ]]),\n",
       "  'detections': []},\n",
       " {'timestamp': 1753326112.3022017,\n",
       "  'translation': array([ 4.42123534e+06,  4.83014651e+05, -6.97135925e-04]),\n",
       "  'R_imu': array([[ 0.52564652, -0.84430914,  0.10410478],\n",
       "         [ 0.81730996,  0.53516756,  0.21354183],\n",
       "         [-0.23600882, -0.02716164,  0.97137124]]),\n",
       "  'detections': []},\n",
       " {'timestamp': 1753326112.3351424,\n",
       "  'translation': array([ 4.42123534e+06,  4.83014651e+05, -2.63023376e-03]),\n",
       "  'R_imu': array([[ 0.52564924, -0.84430771,  0.10410271],\n",
       "         [ 0.81731145,  0.53517003,  0.21352994],\n",
       "         [-0.23599762, -0.02715751,  0.97137407]]),\n",
       "  'detections': []},\n",
       " {'timestamp': 1753326112.3713002,\n",
       "  'translation': array([ 4.42123534e+06,  4.83014651e+05, -2.63023376e-03]),\n",
       "  'R_imu': array([[ 0.52562999, -0.84432113,  0.104091  ],\n",
       "         [ 0.81732586,  0.53514869,  0.21352824],\n",
       "         [-0.23599057, -0.02716058,  0.9713757 ]]),\n",
       "  'detections': []},\n",
       " {'timestamp': 1753326112.404853,\n",
       "  'translation': array([ 4.42123534e+06,  4.83014651e+05, -2.63023376e-03]),\n",
       "  'R_imu': array([[ 0.52563094, -0.84432051,  0.10409127],\n",
       "         [ 0.81732253,  0.53514937,  0.21353931],\n",
       "         [-0.236     , -0.02716673,  0.97137324]]),\n",
       "  'detections': []},\n",
       " {'timestamp': 1753326112.437415,\n",
       "  'translation': array([ 4.42123534e+06,  4.83014651e+05, -3.44324112e-03]),\n",
       "  'R_imu': array([[ 0.5256399 , -0.84431574,  0.10408474],\n",
       "         [ 0.81731644,  0.53515634,  0.21354513],\n",
       "         [-0.23600112, -0.02717767,  0.97137266]]),\n",
       "  'detections': []},\n",
       " {'timestamp': 1753326112.4695652,\n",
       "  'translation': array([ 4.42123534e+06,  4.83014651e+05, -3.44324112e-03]),\n",
       "  'R_imu': array([[ 0.52561705, -0.84433125,  0.10407431],\n",
       "         [ 0.81733361,  0.5351319 ,  0.21354067],\n",
       "         [-0.23599255, -0.02717719,  0.97137476]]),\n",
       "  'detections': []},\n",
       " {'timestamp': 1753326112.5028255,\n",
       "  'translation': array([ 4.42123534e+06,  4.83014651e+05, -3.44324112e-03]),\n",
       "  'R_imu': array([[ 0.52561719, -0.8443298 ,  0.10408536],\n",
       "         [ 0.81733355,  0.53513483,  0.21353355],\n",
       "         [-0.23599244, -0.02716445,  0.97137514]]),\n",
       "  'detections': []},\n",
       " {'timestamp': 1753326112.5359457,\n",
       "  'translation': array([ 4.42123534e+06,  4.83014642e+05, -3.91674042e-03]),\n",
       "  'R_imu': array([[ 0.52559635, -0.84434255,  0.10408711],\n",
       "         [ 0.81734972,  0.53511544,  0.21352027],\n",
       "         [-0.23598287, -0.0271499 ,  0.97137787]]),\n",
       "  'detections': []},\n",
       " {'timestamp': 1753326112.5694585,\n",
       "  'translation': array([ 4.42123534e+06,  4.83014642e+05, -3.91674042e-03]),\n",
       "  'R_imu': array([[ 0.52558084, -0.84435549,  0.10406047],\n",
       "         [ 0.81736006,  0.53509375,  0.21353504],\n",
       "         [-0.2359816 , -0.02717505,  0.97137748]]),\n",
       "  'detections': []},\n",
       " {'timestamp': 1753326112.6023672,\n",
       "  'translation': array([ 4.42123534e+06,  4.83014642e+05, -3.91674042e-03]),\n",
       "  'R_imu': array([[ 0.52557153, -0.84435988,  0.10407185],\n",
       "         [ 0.81736522,  0.53508753,  0.21353087],\n",
       "         [-0.23598445, -0.02716103,  0.97137718]]),\n",
       "  'detections': []},\n",
       " {'timestamp': 1753326112.6352315,\n",
       "  'translation': array([ 4.42123535e+06,  4.83014642e+05, -3.44228745e-03]),\n",
       "  'R_imu': array([[ 0.52556929, -0.84435997,  0.10408246],\n",
       "         [ 0.81736449,  0.53508779,  0.21353302],\n",
       "         [-0.235992  , -0.02715309,  0.97137556]]),\n",
       "  'detections': []},\n",
       " {'timestamp': 1753326112.668749,\n",
       "  'translation': array([ 4.42123535e+06,  4.83014642e+05, -3.44228745e-03]),\n",
       "  'R_imu': array([[ 0.52556831, -0.84435879,  0.10409703],\n",
       "         [ 0.81735837,  0.53508975,  0.21355151],\n",
       "         [-0.23601535, -0.02715132,  0.97136994]]),\n",
       "  'detections': []},\n",
       " {'timestamp': 1753326112.7019355,\n",
       "  'translation': array([ 4.42123535e+06,  4.83014642e+05, -3.44228745e-03]),\n",
       "  'R_imu': array([[ 0.52555058, -0.84437075,  0.1040895 ],\n",
       "         [ 0.81737239,  0.53507101,  0.21354482],\n",
       "         [-0.23600627, -0.02714872,  0.97137222]]),\n",
       "  'detections': []},\n",
       " {'timestamp': 1753326112.736029,\n",
       "  'translation': array([ 4.42123534e+06,  4.83014651e+05, -1.51395798e-03]),\n",
       "  'R_imu': array([[ 0.5255565 , -0.84436777,  0.10408381],\n",
       "         [ 0.8173712 ,  0.53507559,  0.21353788],\n",
       "         [-0.23599721, -0.02715111,  0.97137435]]),\n",
       "  'detections': []},\n",
       " {'timestamp': 1753326112.7689745,\n",
       "  'translation': array([ 4.42123534e+06,  4.83014651e+05, -1.51395798e-03]),\n",
       "  'R_imu': array([[ 0.52555616, -0.84436891,  0.10407625],\n",
       "         [ 0.81737336,  0.53507358,  0.21353466],\n",
       "         [-0.23599048, -0.0271553 ,  0.97137587]]),\n",
       "  'detections': []},\n",
       " {'timestamp': 1753326112.8024712,\n",
       "  'translation': array([ 4.42123534e+06,  4.83014651e+05, -1.51395798e-03]),\n",
       "  'R_imu': array([[ 0.52555397, -0.84437138,  0.10406728],\n",
       "         [ 0.81737455,  0.53506917,  0.21354118],\n",
       "         [-0.23599125, -0.02716547,  0.9713754 ]]),\n",
       "  'detections': []},\n",
       " {'timestamp': 1753326112.8358636,\n",
       "  'translation': array([ 4.42123534e+06,  4.83014651e+05, -2.70366669e-04]),\n",
       "  'R_imu': array([[ 0.52555886, -0.84436895,  0.1040623 ],\n",
       "         [ 0.81736226,  0.53507159,  0.21358215],\n",
       "         [-0.23602292, -0.02719339,  0.97136692]]),\n",
       "  'detections': []},\n",
       " {'timestamp': 1753326112.8692005,\n",
       "  'translation': array([ 4.42123534e+06,  4.83014651e+05, -2.70366669e-04]),\n",
       "  'R_imu': array([[ 0.52557496, -0.84435749,  0.10407395],\n",
       "         [ 0.81735034,  0.53508992,  0.21358183],\n",
       "         [-0.23602834, -0.02718838,  0.97136575]]),\n",
       "  'detections': []},\n",
       " {'timestamp': 1753326112.9027758,\n",
       "  'translation': array([ 4.42123534e+06,  4.83014651e+05, -2.70366669e-04]),\n",
       "  'R_imu': array([[ 0.52558545, -0.84434904,  0.10408952],\n",
       "         [ 0.81734306,  0.53510393,  0.21357458],\n",
       "         [-0.2360302 , -0.02717485,  0.97136567]]),\n",
       "  'detections': []},\n",
       " {'timestamp': 1753326112.935785,\n",
       "  'translation': array([ 4.42123534e+06,  4.83014651e+05, -1.28126144e-03]),\n",
       "  'R_imu': array([[ 0.52559123, -0.84434607,  0.10408445],\n",
       "         [ 0.8173421 ,  0.53510856,  0.21356667],\n",
       "         [-0.23602066, -0.02717617,  0.97136795]]),\n",
       "  'detections': []},\n",
       " {'timestamp': 1753326112.9714608,\n",
       "  'translation': array([ 4.42123534e+06,  4.83014651e+05, -1.28126144e-03]),\n",
       "  'R_imu': array([[ 0.52559685, -0.84434067,  0.10409987],\n",
       "         [ 0.81734461,  0.53511859,  0.21353192],\n",
       "         [-0.23599946, -0.02714624,  0.97137394]]),\n",
       "  'detections': []},\n",
       " {'timestamp': 1753326113.004496,\n",
       "  'translation': array([ 4.42123534e+06,  4.83014651e+05, -1.28126144e-03]),\n",
       "  'R_imu': array([[ 0.52557765, -0.84435384,  0.10408999],\n",
       "         [ 0.81735212,  0.53509698,  0.21355735],\n",
       "         [-0.2360162 , -0.0271628 ,  0.97136941]]),\n",
       "  'detections': []},\n",
       " {'timestamp': 1753326113.0374942,\n",
       "  'translation': array([ 4.42123535e+06,  4.83014642e+05, -1.89828873e-03]),\n",
       "  'R_imu': array([[ 0.52557206, -0.84435888,  0.10407737],\n",
       "         [ 0.81735597,  0.53508841,  0.21356408],\n",
       "         [-0.23601532, -0.02717506,  0.97136928]]),\n",
       "  'detections': []},\n",
       " {'timestamp': 1753326113.0713968,\n",
       "  'translation': array([ 4.42123535e+06,  4.83014642e+05, -1.89828873e-03]),\n",
       "  'R_imu': array([[ 0.52555828, -0.84436879,  0.10406654],\n",
       "         [ 0.81736648,  0.53507253,  0.21356362],\n",
       "         [-0.2360096 , -0.02717963,  0.97137054]]),\n",
       "  'detections': []},\n",
       " {'timestamp': 1753326113.104181,\n",
       "  'translation': array([ 4.42123535e+06,  4.83014642e+05, -1.89828873e-03]),\n",
       "  'R_imu': array([[ 0.52554904, -0.84437446,  0.10406718],\n",
       "         [ 0.81736829,  0.53506328,  0.21357986],\n",
       "         [-0.23602391, -0.02718548,  0.97136691]]),\n",
       "  'detections': []},\n",
       " {'timestamp': 1753326113.137947,\n",
       "  'translation': array([4.42123535e+06, 4.83014642e+05, 7.01427460e-04]),\n",
       "  'R_imu': array([[ 0.5254625 , -0.84443128,  0.10404319],\n",
       "         [ 0.81741973,  0.53497305,  0.21360904],\n",
       "         [-0.23603846, -0.02719658,  0.97136306]]),\n",
       "  'detections': []},\n",
       " {'timestamp': 1753326113.1703706,\n",
       "  'translation': array([4.42123535e+06, 4.83014642e+05, 7.01427460e-04]),\n",
       "  'R_imu': array([[ 0.5250391 , -0.84470851,  0.10393015],\n",
       "         [ 0.817711  ,  0.53453727,  0.21358516],\n",
       "         [-0.23597174, -0.02715573,  0.97138041]]),\n",
       "  'detections': []},\n",
       " {'timestamp': 1753326113.2056477,\n",
       "  'translation': array([4.42123535e+06, 4.83014642e+05, 7.01427460e-04]),\n",
       "  'R_imu': array([[ 0.52569978, -0.8442997 ,  0.10391224],\n",
       "         [ 0.81731551,  0.53517496,  0.21350203],\n",
       "         [-0.23587093, -0.02730889,  0.9714006 ]]),\n",
       "  'detections': []},\n",
       " {'timestamp': 1753326113.2369788,\n",
       "  'translation': array([4.42123534e+06, 4.83014651e+05, 6.85930252e-03]),\n",
       "  'R_imu': array([[ 0.52595684, -0.84412656,  0.10401806],\n",
       "         [ 0.81719342,  0.53545529,  0.21326639],\n",
       "         [-0.23572084, -0.02716604,  0.97144104]]),\n",
       "  'detections': []},\n",
       " {'timestamp': 1753326113.2699232,\n",
       "  'translation': array([4.42123534e+06, 4.83014651e+05, 6.85930252e-03]),\n",
       "  'R_imu': array([[ 0.52590697, -0.84415224,  0.1040618 ],\n",
       "         [ 0.81719012,  0.53541403,  0.21338256],\n",
       "         [-0.23584351, -0.0271811 ,  0.97141084]]),\n",
       "  'detections': []},\n",
       " {'timestamp': 1753326113.3033311,\n",
       "  'translation': array([4.42123534e+06, 4.83014651e+05, 6.85930252e-03]),\n",
       "  'R_imu': array([[ 0.52621082, -0.84395669,  0.10411188],\n",
       "         [ 0.81700332,  0.53572153,  0.21332608],\n",
       "         [-0.23581295, -0.02719474,  0.97141788]]),\n",
       "  'detections': []},\n",
       " {'timestamp': 1753326113.336187,\n",
       "  'translation': array([4.42123534e+06, 4.83014642e+05, 1.01437569e-02]),\n",
       "  'R_imu': array([[ 0.52601356, -0.84407974,  0.10411118],\n",
       "         [ 0.81710995,  0.53552825,  0.21340296],\n",
       "         [-0.23588359, -0.02718257,  0.97140107]]),\n",
       "  'detections': []},\n",
       " {'timestamp': 1753326113.3690624,\n",
       "  'translation': array([4.42123534e+06, 4.83014642e+05, 1.01437569e-02]),\n",
       "  'R_imu': array([[ 0.52603959, -0.84406032,  0.10413703],\n",
       "         [ 0.81707868,  0.53555829,  0.21344731],\n",
       "         [-0.23593386, -0.02719359,  0.97138855]]),\n",
       "  'detections': []},\n",
       " {'timestamp': 1753326113.402744,\n",
       "  'translation': array([4.42123534e+06, 4.83014642e+05, 1.01437569e-02]),\n",
       "  'R_imu': array([[ 0.52606686, -0.84405008,  0.10408227],\n",
       "         [ 0.81706881,  0.5355717 ,  0.21345146],\n",
       "         [-0.23590724, -0.02724736,  0.97139351]]),\n",
       "  'detections': []},\n",
       " {'timestamp': 1753326113.4361787,\n",
       "  'translation': array([4.42123534e+06, 4.83014642e+05, 1.24983788e-02]),\n",
       "  'R_imu': array([[ 0.52599637, -0.84409802,  0.1040497 ],\n",
       "         [ 0.81711719,  0.53549565,  0.21345702],\n",
       "         [-0.23589681, -0.02725682,  0.97139578]]),\n",
       "  'detections': []},\n",
       " {'timestamp': 1753326113.4697003,\n",
       "  'translation': array([4.42123534e+06, 4.83014642e+05, 1.24983788e-02]),\n",
       "  'R_imu': array([[ 0.52606153, -0.84405054,  0.10410549],\n",
       "         [ 0.81706898,  0.53557204,  0.21344991],\n",
       "         [-0.2359185 , -0.02722642,  0.97139136]]),\n",
       "  'detections': []},\n",
       " {'timestamp': 1753326113.502846,\n",
       "  'translation': array([4.42123534e+06, 4.83014642e+05, 1.24983788e-02]),\n",
       "  'R_imu': array([[ 0.52611381, -0.84401339,  0.10414251],\n",
       "         [ 0.81702084,  0.53563028,  0.21348806],\n",
       "         [-0.23596866, -0.02723241,  0.97137901]]),\n",
       "  'detections': []},\n",
       " {'timestamp': 1753326113.5360718,\n",
       "  'translation': array([4.42123534e+06, 4.83014642e+05, 1.53522491e-02]),\n",
       "  'R_imu': array([[ 0.52594077, -0.8441289 ,  0.10408028],\n",
       "         [ 0.81713248,  0.53544725,  0.21351991],\n",
       "         [-0.23596782, -0.02725145,  0.97137868]]),\n",
       "  'detections': []},\n",
       " {'timestamp': 1753326113.570193,\n",
       "  'translation': array([4.42123534e+06, 4.83014642e+05, 1.53522491e-02]),\n",
       "  'R_imu': array([[ 0.52617854, -0.84396818,  0.10418185],\n",
       "         [ 0.81697168,  0.53570196,  0.21349634],\n",
       "         [-0.23599453, -0.02722357,  0.97137298]]),\n",
       "  'detections': []},\n",
       " {'timestamp': 1753326113.6025982,\n",
       "  'translation': array([4.42123534e+06, 4.83014642e+05, 1.53522491e-02]),\n",
       "  'R_imu': array([[ 0.52592302, -0.84413413,  0.10412757],\n",
       "         [ 0.81712211,  0.53543953,  0.21357893],\n",
       "         [-0.23604328, -0.02724114,  0.97136064]]),\n",
       "  'detections': []},\n",
       " {'timestamp': 1753326113.636555,\n",
       "  'translation': array([4.42123534e+06, 4.83014642e+05, 1.66029930e-02]),\n",
       "  'R_imu': array([[ 0.5261012 , -0.84402342,  0.1041249 ],\n",
       "         [ 0.8170163 ,  0.53561217,  0.21355086],\n",
       "         [-0.23601249, -0.02727762,  0.9713671 ]]),\n",
       "  'detections': []},\n",
       " {'timestamp': 1753326113.6691074,\n",
       "  'translation': array([4.42123534e+06, 4.83014642e+05, 1.66029930e-02]),\n",
       "  'R_imu': array([[ 0.52613481, -0.84399905,  0.1041526 ],\n",
       "         [ 0.81700496,  0.53565287,  0.21349215],\n",
       "         [-0.23597681, -0.02723246,  0.97137703]]),\n",
       "  'detections': []},\n",
       " {'timestamp': 1753326113.7031822,\n",
       "  'translation': array([4.42123534e+06, 4.83014642e+05, 1.66029930e-02]),\n",
       "  'R_imu': array([[ 0.52592667, -0.84413419,  0.10410864],\n",
       "         [ 0.81711726,  0.53543798,  0.2136014 ],\n",
       "         [-0.23605197, -0.02726971,  0.97135773]]),\n",
       "  'detections': []},\n",
       " {'timestamp': 1753326113.7366297,\n",
       "  'translation': array([4.42123534e+06, 4.83014642e+05, 1.93939209e-02]),\n",
       "  'R_imu': array([[ 0.5261921 , -0.84396391,  0.10414796],\n",
       "         [ 0.81695388,  0.53570545,  0.21355569],\n",
       "         [-0.23602593, -0.02728724,  0.97136356]]),\n",
       "  'detections': []},\n",
       " {'timestamp': 1753326113.769938,\n",
       "  'translation': array([4.42123534e+06, 4.83014642e+05, 1.93939209e-02]),\n",
       "  'R_imu': array([[ 0.52589124, -0.8441637 ,  0.10404835],\n",
       "         [ 0.81715949,  0.53539072,  0.2135583 ],\n",
       "         [-0.23598469, -0.02728434,  0.97137366]]),\n",
       "  'detections': []},\n",
       " {'timestamp': 1753326113.804022,\n",
       "  'translation': array([4.42123534e+06, 4.83014642e+05, 1.93939209e-02]),\n",
       "  'R_imu': array([[ 0.52627698, -0.84390584,  0.10418959],\n",
       "         [ 0.81690249,  0.53579843,  0.213519  ],\n",
       "         [-0.23601455, -0.02725739,  0.97136716]]),\n",
       "  'detections': []},\n",
       " {'timestamp': 1753326113.8370042,\n",
       "  'translation': array([4.42123535e+06, 4.83014642e+05, 2.47564316e-02]),\n",
       "  'R_imu': array([[ 0.52593342, -0.84414217,  0.10400976],\n",
       "         [ 0.81712861,  0.53542131,  0.21359975],\n",
       "         [-0.2359976 , -0.02734989,  0.97136868]]),\n",
       "  'detections': []},\n",
       " {'timestamp': 1753326113.8707423,\n",
       "  'translation': array([4.42123535e+06, 4.83014642e+05, 2.47564316e-02]),\n",
       "  'R_imu': array([[ 0.5261168 , -0.84402545,  0.10402956],\n",
       "         [ 0.81701988,  0.53560472,  0.21355585],\n",
       "         [-0.2359653 , -0.0273611 ,  0.97137621]]),\n",
       "  'detections': []},\n",
       " {'timestamp': 1753326113.903306,\n",
       "  'translation': array([4.42123535e+06, 4.83014642e+05, 2.47564316e-02]),\n",
       "  'R_imu': array([[ 0.52611228, -0.84401832,  0.10411021],\n",
       "         [ 0.81701679,  0.53562005,  0.21352919],\n",
       "         [-0.23598606, -0.02728054,  0.97137343]]),\n",
       "  'detections': []},\n",
       " {'timestamp': 1753326113.936269,\n",
       "  'translation': array([4.42123534e+06, 4.83014642e+05, 3.07211876e-02]),\n",
       "  'R_imu': array([[ 0.5261339 , -0.8440088 ,  0.10407818],\n",
       "         [ 0.81700117,  0.53563266,  0.21355735],\n",
       "         [-0.23599195, -0.02732777,  0.97137068]]),\n",
       "  'detections': []},\n",
       " {'timestamp': 1753326113.9694946,\n",
       "  'translation': array([4.42123534e+06, 4.83014642e+05, 3.07211876e-02]),\n",
       "  'R_imu': array([[ 0.52614327, -0.84400581,  0.10405508],\n",
       "         [ 0.81700233,  0.5356367 ,  0.21354279],\n",
       "         [-0.23596707, -0.02734086,  0.97137635]]),\n",
       "  'detections': []},\n",
       " {'timestamp': 1753326114.0029764,\n",
       "  'translation': array([4.42123534e+06, 4.83014642e+05, 3.07211876e-02]),\n",
       "  'R_imu': array([[ 0.52622105, -0.84395278,  0.10409185],\n",
       "         [ 0.81694552,  0.53572044,  0.21355005],\n",
       "         [-0.23599029, -0.02733716,  0.97137082]]),\n",
       "  'detections': []},\n",
       " {'timestamp': 1753326114.0353794,\n",
       "  'translation': array([4.42123535e+06, 4.83014651e+05, 3.32012177e-02]),\n",
       "  'R_imu': array([[ 0.52612173, -0.84401996,  0.10404919],\n",
       "         [ 0.81701613,  0.53561438,  0.21354597],\n",
       "         [-0.23596731, -0.02734131,  0.97137628]]),\n",
       "  'detections': []},\n",
       " {'timestamp': 1753326114.0695424,\n",
       "  'translation': array([4.42123535e+06, 4.83014651e+05, 3.32012177e-02]),\n",
       "  'R_imu': array([[ 0.52631826, -0.84389326,  0.10408295],\n",
       "         [ 0.8168919 ,  0.53581322,  0.21352242],\n",
       "         [-0.23595915, -0.02735623,  0.97137785]]),\n",
       "  'detections': []},\n",
       " {'timestamp': 1753326114.1021888,\n",
       "  'translation': array([4.42123535e+06, 4.83014651e+05, 3.32012177e-02]),\n",
       "  'R_imu': array([[ 0.52606676, -0.84405849,  0.10401459],\n",
       "         [ 0.81705145,  0.53555246,  0.21356612],\n",
       "         [-0.23596757, -0.02736476,  0.97137556]]),\n",
       "  'detections': []},\n",
       " {'timestamp': 1753326114.136598,\n",
       "  'translation': array([4.42123534e+06, 4.83014651e+05, 3.27243805e-02]),\n",
       "  'R_imu': array([[ 0.52638072, -0.84385497,  0.10407748],\n",
       "         [ 0.81685337,  0.53587243,  0.21352124],\n",
       "         [-0.23595321, -0.02737743,  0.97137869]]),\n",
       "  'detections': []},\n",
       " {'timestamp': 1753326114.169113,\n",
       "  'translation': array([4.42123534e+06, 4.83014651e+05, 3.27243805e-02]),\n",
       "  'R_imu': array([[ 0.52612852, -0.84402317,  0.10398877],\n",
       "         [ 0.81701493,  0.53560602,  0.21357153],\n",
       "         [-0.23595633, -0.0274057 ,  0.97137713]]),\n",
       "  'detections': []},\n",
       " {'timestamp': 1753326114.20316,\n",
       "  'translation': array([4.42123534e+06, 4.83014651e+05, 3.27243805e-02]),\n",
       "  'R_imu': array([[ 0.52639657, -0.84384875,  0.10404778],\n",
       "         [ 0.8168626 ,  0.53588249,  0.21346065],\n",
       "         [-0.23588589, -0.02737222,  0.97139519]]),\n",
       "  'detections': []},\n",
       " {'timestamp': 1753326114.2355473,\n",
       "  'translation': array([4.42123535e+06, 4.83014642e+05, 3.33690643e-02]),\n",
       "  'R_imu': array([[ 0.52624964, -0.84394065,  0.10404566],\n",
       "         [ 0.81693499,  0.53573731,  0.21354801],\n",
       "         [-0.23596299, -0.02738102,  0.97137621]]),\n",
       "  'detections': []},\n",
       " {'timestamp': 1753326114.2689824,\n",
       "  'translation': array([4.42123535e+06, 4.83014642e+05, 3.33690643e-02]),\n",
       "  'R_imu': array([[ 0.5263049 , -0.84390673,  0.10404128],\n",
       "         [ 0.81689635,  0.53578928,  0.21356546],\n",
       "         [-0.23597353, -0.02740961,  0.97137285]]),\n",
       "  'detections': []},\n",
       " {'timestamp': 1753326114.3029923,\n",
       "  'translation': array([4.42123535e+06, 4.83014642e+05, 3.33690643e-02]),\n",
       "  'R_imu': array([[ 0.52626667, -0.84393399,  0.10401354],\n",
       "         [ 0.81692935,  0.53574627,  0.21354712],\n",
       "         [-0.23594454, -0.02741102,  0.97137985]]),\n",
       "  'detections': []},\n",
       " {'timestamp': 1753326114.3366895,\n",
       "  'translation': array([4.42123535e+06, 4.83014642e+05, 3.55572701e-02]),\n",
       "  'R_imu': array([[ 0.52630865, -0.84390739,  0.10401693],\n",
       "         [ 0.81690795,  0.53578837,  0.21352336],\n",
       "         [-0.23592501, -0.02740693,  0.97138471]]),\n",
       "  'detections': []},\n",
       " {'timestamp': 1753326114.3699095,\n",
       "  'translation': array([4.42123535e+06, 4.83014642e+05, 3.55572701e-02]),\n",
       "  'R_imu': array([[ 0.52627678, -0.84392399,  0.10404351],\n",
       "         [ 0.81690319,  0.53576134,  0.21360936],\n",
       "         [-0.23601256, -0.02742417,  0.97136295]]),\n",
       "  'detections': []},\n",
       " {'timestamp': 1753326114.4024527,\n",
       "  'translation': array([4.42123535e+06, 4.83014642e+05, 3.55572701e-02]),\n",
       "  'R_imu': array([[ 0.52634876, -0.84388221,  0.10401831],\n",
       "         [ 0.81685795,  0.53582469,  0.21362347],\n",
       "         [-0.23600863, -0.02747227,  0.97136255]]),\n",
       "  'detections': []},\n",
       " {'timestamp': 1753326114.4356585,\n",
       "  'translation': array([4.42123534e+06, 4.83014642e+05, 3.67927551e-02]),\n",
       "  'R_imu': array([[ 0.52626721, -0.84393386,  0.10401182],\n",
       "         [ 0.81692997,  0.53574646,  0.21354426],\n",
       "         [-0.2359412 , -0.02741097,  0.97138066]]),\n",
       "  'detections': []},\n",
       " {'timestamp': 1753326114.4691834,\n",
       "  'translation': array([4.42123534e+06, 4.83014642e+05, 3.67927551e-02]),\n",
       "  'R_imu': array([[ 0.52648455, -0.84378874,  0.10408931],\n",
       "         [ 0.81678295,  0.53597541,  0.21353215],\n",
       "         [-0.23596533, -0.02740301,  0.97137502]]),\n",
       "  'detections': []},\n",
       " {'timestamp': 1753326114.5022953,\n",
       "  'translation': array([4.42123534e+06, 4.83014642e+05, 3.67927551e-02]),\n",
       "  'R_imu': array([[ 0.52620644, -0.84397334,  0.10399901],\n",
       "         [ 0.81695476,  0.53568279,  0.21360915],\n",
       "         [-0.23599091, -0.02744003,  0.97136777]]),\n",
       "  'detections': []},\n",
       " {'timestamp': 1753326114.5352364,\n",
       "  'translation': array([4.42123535e+06, 4.83014651e+05, 3.49726677e-02]),\n",
       "  'R_imu': array([[ 0.52645012, -0.84381528,  0.10404828],\n",
       "         [ 0.81681705,  0.53593312,  0.21350782],\n",
       "         [-0.23592409, -0.02741281,  0.97138477]]),\n",
       "  'detections': []},\n",
       " {'timestamp': 1753326114.568909,\n",
       "  'translation': array([4.42123535e+06, 4.83014651e+05, 3.49726677e-02]),\n",
       "  'R_imu': array([[ 0.5263089 , -0.84390726,  0.10401676],\n",
       "         [ 0.81690667,  0.53578843,  0.21352809],\n",
       "         [-0.23592888, -0.02740975,  0.97138369]]),\n",
       "  'detections': []},\n",
       " {'timestamp': 1753326114.603442,\n",
       "  'translation': array([4.42123535e+06, 4.83014651e+05, 3.49726677e-02]),\n",
       "  'R_imu': array([[ 0.52646985, -0.84380481,  0.10403331],\n",
       "         [ 0.81679333,  0.53594713,  0.2135634 ],\n",
       "         [-0.23596218, -0.02746098,  0.97137415]]),\n",
       "  'detections': []},\n",
       " {'timestamp': 1753326114.6358688,\n",
       "  'translation': array([4.42123535e+06, 4.83014642e+05, 3.14517021e-02]),\n",
       "  'R_imu': array([[ 0.52637757, -0.84386658,  0.10399927],\n",
       "         [ 0.81685112,  0.5358491 ,  0.21358837],\n",
       "         [-0.23596801, -0.02747621,  0.97137231]]),\n",
       "  'detections': []},\n",
       " {'timestamp': 1753326114.6703355,\n",
       "  'translation': array([4.42123535e+06, 4.83014642e+05, 3.14517021e-02]),\n",
       "  'R_imu': array([[ 0.52646337, -0.84381098,  0.1040161 ],\n",
       "         [ 0.81681099,  0.53593808,  0.21351857],\n",
       "         [-0.2359155 , -0.02744821,  0.97138585]]),\n",
       "  'detections': []},\n",
       " {'timestamp': 1753326114.7033782,\n",
       "  'translation': array([4.42123535e+06, 4.83014642e+05, 3.14517021e-02]),\n",
       "  'R_imu': array([[ 0.52645715, -0.8438161 ,  0.10400605],\n",
       "         [ 0.81681505,  0.53592952,  0.21352452],\n",
       "         [-0.23591534, -0.0274578 ,  0.97138562]]),\n",
       "  'detections': []},\n",
       " {'timestamp': 1753326114.7363884,\n",
       "  'translation': array([4.42123535e+06, 4.83014642e+05, 3.05919647e-02]),\n",
       "  'R_imu': array([[ 0.52651934, -0.84377494,  0.10402517],\n",
       "         [ 0.81676435,  0.53599326,  0.21355848],\n",
       "         [-0.23595208, -0.02747862,  0.97137611]]),\n",
       "  'detections': []},\n",
       " {'timestamp': 1753326114.7691572,\n",
       "  'translation': array([4.42123535e+06, 4.83014642e+05, 3.05919647e-02]),\n",
       "  'R_imu': array([[ 0.52644218, -0.84382283,  0.10402726],\n",
       "         [ 0.81680326,  0.53591793,  0.2135987 ],\n",
       "         [-0.23598953, -0.02747756,  0.97136704]]),\n",
       "  'detections': []},\n",
       " {'timestamp': 1753326114.8023946,\n",
       "  'translation': array([4.42123535e+06, 4.83014642e+05, 3.05919647e-02]),\n",
       "  'R_imu': array([[ 0.52655831, -0.84374911,  0.10403739],\n",
       "         [ 0.8167429 ,  0.53603447,  0.21353709],\n",
       "         [-0.23593936, -0.02746793,  0.9713795 ]]),\n",
       "  'detections': []},\n",
       " {'timestamp': 1753326114.835482,\n",
       "  'translation': array([4.42123534e+06, 4.83014651e+05, 3.26066017e-02]),\n",
       "  'R_imu': array([[ 0.52644674, -0.8438218 ,  0.10401253],\n",
       "         [ 0.81680413,  0.53591905,  0.21359256],\n",
       "         [-0.23597636, -0.02748724,  0.97136997]]),\n",
       "  'detections': []},\n",
       " {'timestamp': 1753326114.8689291,\n",
       "  'translation': array([4.42123534e+06, 4.83014651e+05, 3.26066017e-02]),\n",
       "  'R_imu': array([[ 0.52662747, -0.84370331,  0.10405879],\n",
       "         [ 0.81669688,  0.53610659,  0.21353205],\n",
       "         [-0.2359443 , -0.02746736,  0.97137832]]),\n",
       "  'detections': []},\n",
       " {'timestamp': 1753326114.9030569,\n",
       "  'translation': array([4.42123534e+06, 4.83014651e+05, 3.26066017e-02]),\n",
       "  'R_imu': array([[ 0.52645018, -0.84382267,  0.10398799],\n",
       "         [ 0.81681456,  0.53591764,  0.21355623],\n",
       "         [-0.23593259, -0.02748781,  0.97138058]]),\n",
       "  'detections': []},\n",
       " {'timestamp': 1753326114.9357605,\n",
       "  'translation': array([4.42123535e+06, 4.83014642e+05, 3.50322723e-02]),\n",
       "  'R_imu': array([[ 0.5265706 , -0.84373776,  0.1040673 ],\n",
       "         [ 0.81671782,  0.53605192,  0.21358918],\n",
       "         [-0.23599873, -0.02747617,  0.97136484]]),\n",
       "  'detections': []},\n",
       " {'timestamp': 1753326114.9694018,\n",
       "  'translation': array([4.42123535e+06, 4.83014642e+05, 3.50322723e-02]),\n",
       "  'R_imu': array([[ 0.52650714, -0.84378807,  0.10398041],\n",
       "         [ 0.81677061,  0.53596995,  0.21359303],\n",
       "         [-0.23595763, -0.02753011,  0.9713733 ]]),\n",
       "  'detections': []},\n",
       " {'timestamp': 1753326115.0029743,\n",
       "  'translation': array([4.42123535e+06, 4.83014642e+05, 3.50322723e-02]),\n",
       "  'R_imu': array([[ 0.52659668, -0.84372935,  0.10400348],\n",
       "         [ 0.81672389,  0.53606365,  0.21353655],\n",
       "         [-0.23591954, -0.02750551,  0.97138325]]),\n",
       "  'detections': []},\n",
       " {'timestamp': 1753326115.0365827,\n",
       "  'translation': array([4.42123535e+06, 4.83014642e+05, 3.96423340e-02]),\n",
       "  'R_imu': array([[ 0.52651864, -0.84378298,  0.10396351],\n",
       "         [ 0.81676223,  0.53597668,  0.21360818],\n",
       "         [-0.23596096, -0.02755522,  0.97137178]]),\n",
       "  'detections': []},\n",
       " {'timestamp': 1753326115.0693235,\n",
       "  'translation': array([4.42123535e+06, 4.83014642e+05, 3.96423340e-02]),\n",
       "  'R_imu': array([[ 0.52661479, -0.84371442,  0.10403291],\n",
       "         [ 0.81669137,  0.53608618,  0.21360434],\n",
       "         [-0.23599167, -0.02752443,  0.97136519]]),\n",
       "  'detections': []},\n",
       " {'timestamp': 1753326115.1020916,\n",
       "  'translation': array([4.42123535e+06, 4.83014642e+05, 3.96423340e-02]),\n",
       "  'R_imu': array([[ 0.52658903, -0.84373616,  0.10398694],\n",
       "         [ 0.81671086,  0.53604997,  0.21362068],\n",
       "         [-0.23598169, -0.02756305,  0.97136652]]),\n",
       "  'detections': []},\n",
       " {'timestamp': 1753326115.1357515,\n",
       "  'translation': array([4.42123534e+06, 4.83014642e+05, 4.49800491e-02]),\n",
       "  'R_imu': array([[ 0.52666618, -0.84368877,  0.10398071],\n",
       "         [ 0.81668156,  0.53612537,  0.21354348],\n",
       "         [-0.23591093, -0.027547  ,  0.97138416]]),\n",
       "  'detections': []},\n",
       " {'timestamp': 1753326115.1689327,\n",
       "  'translation': array([4.42123534e+06, 4.83014642e+05, 4.49800491e-02]),\n",
       "  'R_imu': array([[ 0.52655888, -0.84375909,  0.10395354],\n",
       "         [ 0.81674121,  0.53601364,  0.21359583],\n",
       "         [-0.23594394, -0.02756764,  0.97137556]]),\n",
       "  'detections': []},\n",
       " {'timestamp': 1753326115.2031655,\n",
       "  'translation': array([4.42123534e+06, 4.83014642e+05, 4.49800491e-02]),\n",
       "  'R_imu': array([[ 0.52670734, -0.84365896,  0.10401413],\n",
       "         [ 0.81664262,  0.53617218,  0.21357484],\n",
       "         [-0.23595381, -0.02754906,  0.97137369]]),\n",
       "  'detections': []},\n",
       " {'timestamp': 1753326115.2357845,\n",
       "  'translation': array([4.42123534e+06, 4.83014642e+05, 4.79397774e-02]),\n",
       "  'R_imu': array([[ 0.52661535, -0.84372265,  0.10396328],\n",
       "         [ 0.81669556,  0.53606962,  0.2136299 ],\n",
       "         [-0.23597594, -0.02759444,  0.97136703]]),\n",
       "  'detections': []},\n",
       " {'timestamp': 1753326115.2694762,\n",
       "  'translation': array([4.42123534e+06, 4.83014642e+05, 4.79397774e-02]),\n",
       "  'R_imu': array([[ 0.52674706, -0.84364002,  0.10396661],\n",
       "         [ 0.81663665,  0.53620085,  0.21352571],\n",
       "         [-0.23588582, -0.0275711 ,  0.97138958]]),\n",
       "  'detections': []},\n",
       " {'timestamp': 1753326115.3029835,\n",
       "  'translation': array([4.42123534e+06, 4.83014642e+05, 4.79397774e-02]),\n",
       "  'R_imu': array([[ 0.52661122, -0.84372685,  0.10395012],\n",
       "         [ 0.81671455,  0.53606421,  0.21357084],\n",
       "         [-0.23591939, -0.02757123,  0.97138142]]),\n",
       "  'detections': []},\n",
       " {'timestamp': 1753326115.3358305,\n",
       "  'translation': array([4.42123534e+06, 4.83014642e+05, 4.86288071e-02]),\n",
       "  'R_imu': array([[ 0.52670144, -0.84366539,  0.10399188],\n",
       "         [ 0.81664107,  0.53616022,  0.21361081],\n",
       "         [-0.23597236, -0.02758508,  0.97136816]]),\n",
       "  'detections': []},\n",
       " {'timestamp': 1753326115.3692572,\n",
       "  'translation': array([4.42123534e+06, 4.83014642e+05, 4.86288071e-02]),\n",
       "  'R_imu': array([[ 0.52668346, -0.84368388,  0.10393289],\n",
       "         [ 0.81666534,  0.53612938,  0.21359545],\n",
       "         [-0.23592852, -0.0276188 ,  0.97137785]]),\n",
       "  'detections': []},\n",
       " {'timestamp': 1753326115.4025376,\n",
       "  'translation': array([4.42123534e+06, 4.83014642e+05, 4.86288071e-02]),\n",
       "  'R_imu': array([[ 0.52669795, -0.84367244,  0.10395228],\n",
       "         [ 0.81666452,  0.5361493 ,  0.21354856],\n",
       "         [-0.23589898, -0.02758145,  0.97138609]]),\n",
       "  'detections': []},\n",
       " {'timestamp': 1753326115.4358144,\n",
       "  'translation': array([4.42123535e+06, 4.83014634e+05, 4.81457710e-02]),\n",
       "  'R_imu': array([[ 0.52671826, -0.84365939,  0.10395528],\n",
       "         [ 0.81663486,  0.53616776,  0.21361564],\n",
       "         [-0.23595631, -0.02762175,  0.97137102]]),\n",
       "  'detections': []},\n",
       " {'timestamp': 1753326115.4689229,\n",
       "  'translation': array([4.42123535e+06, 4.83014634e+05, 4.81457710e-02]),\n",
       "  'R_imu': array([[ 0.52672175, -0.8436604 ,  0.10392944],\n",
       "         [ 0.8166418 ,  0.53616567,  0.21359437],\n",
       "         [-0.23592451, -0.02763168,  0.97137846]]),\n",
       "  'detections': []},\n",
       " {'timestamp': 1753326115.5025978,\n",
       "  'translation': array([4.42123535e+06, 4.83014634e+05, 4.81457710e-02]),\n",
       "  'R_imu': array([[ 0.52669251, -0.84368358,  0.10388942],\n",
       "         [ 0.81667707,  0.53612918,  0.21355106],\n",
       "         [-0.23586767, -0.02763163,  0.97139227]]),\n",
       "  'detections': []},\n",
       " {'timestamp': 1753326115.5358021,\n",
       "  'translation': array([4.42123534e+06, 4.83014642e+05, 4.78358269e-02]),\n",
       "  'R_imu': array([[ 0.5268055 , -0.84360512,  0.10395363],\n",
       "         [ 0.81659639,  0.53625378,  0.21354677],\n",
       "         [-0.23589467, -0.02760946,  0.97138634]]),\n",
       "  'detections': []},\n",
       " {'timestamp': 1753326115.5689359,\n",
       "  'translation': array([4.42123534e+06, 4.83014642e+05, 4.78358269e-02]),\n",
       "  'R_imu': array([[ 0.52671543, -0.84366669,  0.10391042],\n",
       "         [ 0.81664437,  0.53615456,  0.21361242],\n",
       "         [-0.23592973, -0.0276551 ,  0.97137653]]),\n",
       "  'detections': []},\n",
       " {'timestamp': 1753326115.6022978,\n",
       "  'translation': array([4.42123534e+06, 4.83014642e+05, 4.78358269e-02]),\n",
       "  'R_imu': array([[ 0.52678883, -0.84361835,  0.10393074],\n",
       "         [ 0.81662021,  0.53623339,  0.21350687],\n",
       "         [-0.23584945, -0.0276011 ,  0.97139756]]),\n",
       "  'detections': []},\n",
       " {'timestamp': 1753326115.635627,\n",
       "  'translation': array([4.42123534e+06, 4.83014651e+05, 4.75769043e-02]),\n",
       "  'R_imu': array([[ 0.52674601, -0.84364465,  0.10393435],\n",
       "         [ 0.81663375,  0.53619125,  0.21356089],\n",
       "         [-0.2358982 , -0.02761605,  0.9713853 ]]),\n",
       "  'detections': []},\n",
       " {'timestamp': 1753326115.669168,\n",
       "  'translation': array([4.42123534e+06, 4.83014651e+05, 4.75769043e-02]),\n",
       "  'R_imu': array([[ 0.52687159, -0.84356056,  0.10398035],\n",
       "         [ 0.81653631,  0.5363224 ,  0.21360416],\n",
       "         [-0.23595504, -0.02763823,  0.97137086]]),\n",
       "  'detections': []},\n",
       " {'timestamp': 1753326115.7034018,\n",
       "  'translation': array([4.42123534e+06, 4.83014651e+05, 4.75769043e-02]),\n",
       "  'R_imu': array([[ 0.52681209, -0.84360338,  0.1039344 ],\n",
       "         [ 0.81658638,  0.53625461,  0.21358298],\n",
       "         [-0.23591462, -0.02764668,  0.97138044]]),\n",
       "  'detections': []},\n",
       " {'timestamp': 1753326115.7366478,\n",
       "  'translation': array([4.42123535e+06, 4.83014642e+05, 4.71420288e-02]),\n",
       "  'R_imu': array([[ 0.52682945, -0.84358731,  0.10397686],\n",
       "         [ 0.81657567,  0.53628219,  0.21355466],\n",
       "         [-0.23591294, -0.02760191,  0.97138212]]),\n",
       "  'detections': []},\n",
       " {'timestamp': 1753326115.7706006,\n",
       "  'translation': array([4.42123535e+06, 4.83014642e+05, 4.71420288e-02]),\n",
       "  'R_imu': array([[ 0.5268695 , -0.84356085,  0.10398857],\n",
       "         [ 0.81653975,  0.5363227 ,  0.21359026],\n",
       "         [-0.23594781, -0.02762339,  0.97137304]]),\n",
       "  'detections': []},\n",
       " {'timestamp': 1753326115.8042808,\n",
       "  'translation': array([4.42123535e+06, 4.83014642e+05, 4.71420288e-02]),\n",
       "  'R_imu': array([[ 0.52685854, -0.84356996,  0.10397019],\n",
       "         [ 0.81654272,  0.53630697,  0.21361841],\n",
       "         [-0.23596201, -0.02765058,  0.97136882]]),\n",
